1311868164.3632 -0.1546 -1.4445 1.4773 0.6529 -0.5483 0.3248 -0.4095
1311868164.3998 -0.1578 -1.4458 1.4770 0.6564 -0.5474 0.3210 -0.4080
1311868164.4298 -0.1601 -1.4472 1.4767 0.6582 -0.5458 0.3197 -0.4083
1311868164.4632 -0.1633 -1.4501 1.4766 0.6624 -0.5445 0.3178 -0.4046
1311868164.4998 -0.1660 -1.4525 1.4765 0.6639 -0.5459 0.3194 -0.3988
1311868164.5298 -0.1674 -1.4547 1.4768 0.6610 -0.5444 0.3246 -0.4016
1311868164.5632 -0.1702 -1.4579 1.4774 0.6621 -0.5432 0.3263 -0.4002
1311868164.5998 -0.1730 -1.4620 1.4787 0.6622 -0.5421 0.3290 -0.3993
1311868164.6298 -0.1748 -1.4655 1.4799 0.6616 -0.5407 0.3308 -0.4006
1311868164.6632 -0.1771 -1.4699 1.4815 0.6617 -0.5406 0.3297 -0.4015
