###############################
BALL: 8142508126285856769
BBFactor: 11244.8  226.928  217.116  9730
BBFactor: 11244.8  226.928  217.116  9730
BBFactor: 11245  226.928  217.116  9730.18
BBFactor: 11244.6  226.927  217.116  9729.82
BBFactor: 11245  226.928  217.117  9730.21
BBFactor: 11244.5  226.928  217.116  9729.8
BBFactor: 11244.8  226.929  217.116  9730.01
BBFactor: 11244.8  226.927  217.117  9729.99
BBFactor: 11244.8  226.928  217.117  9730
BBFactor: 11244.8  226.928  217.116  9730
BBFactor: 11244.8  226.928  217.116  9729.99
BBFactor: 11244.8  226.928  217.116  9730.01
BBFactor: 11245  226.928  217.116  9730.15
BBFactor: 11244.6  226.928  217.116  9729.85
BBFactor: 11244.8  226.928  217.116  9730
BBFactor: 11244.8  226.928  217.116  9730
BBFactor: 11244.8  226.928  217.116  9730
BBFactor: 11244.8  226.928  217.116  9730
BBFactor: 11244.8  226.928  217.116  9730
BBFactor: 11244.8  226.928  217.116  9730
BBFactor: 11244.8  226.928  217.116  9730
BBFactor: 11244.6  226.928  217.116  9729.87
BBFactor: 11244.9  226.928  217.116  9730.14
BBFactor: 11244.8  226.928  217.117  9729.97
BBFactor: 11244.8  226.928  217.116  9730.03
BBFactor: 11244.9  226.928  217.116  9730.06
BBFactor: 11244.7  226.928  217.116  9729.94
BBFactor: 11244.9  226.928  217.116  9730.12
BBFactor: 11244.7  226.928  217.116  9729.88
BBFactor: 11244.8  226.928  217.116  9730.01
BBFactor: 11244.8  226.928  217.117  9730
BBFactor: 11244.8  226.928  217.116  9730.03
BBFactor: 11244.8  226.928  217.116  9729.98
BBFactor: 11244.8  226.928  217.116  9730
BBFactor: 8213.6  10.7391  3.01459  7047.85
BBFactor: 8213.6  10.7391  3.01459  7047.85
BBFactor: 8213.71  10.7385  3.01464  7047.94
BBFactor: 8213.5  10.7397  3.01454  7047.75
BBFactor: 8213.74  10.7393  3.01406  7047.95
BBFactor: 8213.47  10.7389  3.01512  7047.74
BBFactor: 8213.6  10.7386  3.01496  7047.86
BBFactor: 8213.61  10.7397  3.01422  7047.84
BBFactor: 8213.61  10.7391  3.01411  7047.85
BBFactor: 8213.6  10.7391  3.01508  7047.85
BBFactor: 8213.6  10.7397  3.01459  7047.84
BBFactor: 8213.6  10.7385  3.01459  7047.86
BBFactor: 8213.73  10.7393  3.01465  7047.95
BBFactor: 8213.48  10.7389  3.01453  7047.74
BBFactor: 8213.6  10.7391  3.01459  7047.85
BBFactor: 8213.6  10.7391  3.01459  7047.85
BBFactor: 8213.6  10.7391  3.01459  7047.85
BBFactor: 8213.61  10.7391  3.01459  7047.85
BBFactor: 8213.6  10.7391  3.01459  7047.84
BBFactor: 8213.61  10.7391  3.01458  7047.85
BBFactor: 8213.6  10.7391  3.0146  7047.85
BBFactor: 8213.5  10.7393  3.01468  7047.76
BBFactor: 8213.71  10.7389  3.01451  7047.94
BBFactor: 8213.58  10.7391  3.01411  7047.82
BBFactor: 8213.63  10.7391  3.01507  7047.88
BBFactor: 8213.67  10.7397  3.01459  7047.9
BBFactor: 8213.54  10.7385  3.01459  7047.8
BBFactor: 8213.69  10.7392  3.01461  7047.92
BBFactor: 8213.52  10.7391  3.01458  7047.77
BBFactor: 8213.61  10.7391  3.01506  7047.86
BBFactor: 8213.6  10.7391  3.01412  7047.84
BBFactor: 8213.64  10.7397  3.01459  7047.87
BBFactor: 8213.57  10.7385  3.01459  7047.83
BBFactor: 8213.6  10.7391  3.01459  7047.85
BBFactor: 4142.89  0.637712  0.100645  3555.46
BBFactor: 4142.89  0.637712  0.100645  3555.46
BBFactor: 4142.91  0.637144  0.10069  3555.48
BBFactor: 4142.86  0.63828  0.1006  3555.43
BBFactor: 4142.92  0.637872  0.100116  3555.48
BBFactor: 4142.85  0.637552  0.101174  3555.43
BBFactor: 4142.89  0.637178  0.101007  3555.46
BBFactor: 4142.89  0.638246  0.100283  3555.45
BBFactor: 4142.89  0.637712  0.100176  3555.46
BBFactor: 4142.89  0.637712  0.101115  3555.46
BBFactor: 4142.89  0.638262  0.100645  3555.45
BBFactor: 4142.89  0.637162  0.100645  3555.46
BBFactor: 4142.92  0.637877  0.100704  3555.48
BBFactor: 4142.86  0.637547  0.100587  3555.43
BBFactor: 4142.89  0.637712  0.100645  3555.46
BBFactor: 4142.89  0.637713  0.100645  3555.46
BBFactor: 4142.89  0.637712  0.100645  3555.46
BBFactor: 4142.89  0.637702  0.100645  3555.46
BBFactor: 4142.89  0.637722  0.100645  3555.46
BBFactor: 4142.89  0.637712  0.100644  3555.46
BBFactor: 4142.89  0.637712  0.100646  3555.46
BBFactor: 4142.86  0.63787  0.100739  3555.44
BBFactor: 4142.91  0.637555  0.100552  3555.48
BBFactor: 4142.88  0.637724  0.100182  3555.45
BBFactor: 4142.89  0.6377  0.101109  3555.47
BBFactor: 4142.91  0.638264  0.100646  3555.47
BBFactor: 4142.87  0.63716  0.100644  3555.45
BBFactor: 4142.91  0.637757  0.100664  3555.48
BBFactor: 4142.87  0.637668  0.100627  3555.44
BBFactor: 4142.89  0.637712  0.1011  3555.46
BBFactor: 4142.89  0.637712  0.100191  3555.46
BBFactor: 4142.9  0.638242  0.100645  3555.46
BBFactor: 4142.88  0.637183  0.100645  3555.45
BBFactor: 4142.89  0.637712  0.100645  3555.46
BBFactor: 2091.82  0.864072  0.634406  1792.85
BBFactor: 2091.82  0.864072  0.634406  1792.85
BBFactor: 2091.83  0.863504  0.634446  1792.86
BBFactor: 2091.82  0.86464  0.634366  1792.84
BBFactor: 2091.83  0.864217  0.633877  1792.85
BBFactor: 2091.81  0.863928  0.634935  1792.84
BBFactor: 2091.82  0.863591  0.634726  1792.85
BBFactor: 2091.82  0.864554  0.634086  1792.85
BBFactor: 2091.83  0.864072  0.633972  1792.85
BBFactor: 2091.82  0.864072  0.63484  1792.85
BBFactor: 2091.82  0.864571  0.634406  1792.85
BBFactor: 2091.82  0.863573  0.634406  1792.85
BBFactor: 2091.83  0.864222  0.634461  1792.85
BBFactor: 2091.82  0.863922  0.634351  1792.84
BBFactor: 2091.82  0.864072  0.634406  1792.85
BBFactor: 2091.82  0.864073  0.634406  1792.85
BBFactor: 2091.82  0.864071  0.634406  1792.85
BBFactor: 2091.82  0.86407  0.634406  1792.85
BBFactor: 2091.82  0.864075  0.634406  1792.85
BBFactor: 2091.82  0.864072  0.634412  1792.85
BBFactor: 2091.82  0.864073  0.6344  1792.85
BBFactor: 2091.82  0.864226  0.634503  1792.84
BBFactor: 2091.83  0.863918  0.634309  1792.85
BBFactor: 2091.82  0.864088  0.633979  1792.85
BBFactor: 2091.82  0.864057  0.634833  1792.85
BBFactor: 2091.83  0.86457  0.634406  1792.85
BBFactor: 2091.82  0.863575  0.634406  1792.85
BBFactor: 2091.83  0.864118  0.634427  1792.85
BBFactor: 2091.82  0.864027  0.634385  1792.84
BBFactor: 2091.82  0.864073  0.634823  1792.85
BBFactor: 2091.82  0.864072  0.633989  1792.85
BBFactor: 2091.83  0.864547  0.634406  1792.85
BBFactor: 2091.82  0.863597  0.634406  1792.85
BBFactor: 2091.82  0.864072  0.634406  1792.85
BBFactor: 1052.74  3.13279  2.3213  896.483
BBFactor: 1052.74  3.13279  2.3213  896.483
BBFactor: 1052.74  3.13222  2.32133  896.485
BBFactor: 1052.74  3.13336  2.32127  896.481
BBFactor: 1052.74  3.13291  2.32077  896.484
BBFactor: 1052.74  3.13267  2.32183  896.482
BBFactor: 1052.74  3.13239  2.32155  896.484
BBFactor: 1052.74  3.13318  2.32105  896.482
BBFactor: 1052.74  3.13279  2.32092  896.483
BBFactor: 1052.74  3.13279  2.32167  896.483
BBFactor: 1052.74  3.13321  2.3213  896.482
BBFactor: 1052.74  3.13236  2.3213  896.484
BBFactor: 1052.74  3.13291  2.32135  896.484
BBFactor: 1052.74  3.13266  2.32125  896.482
BBFactor: 1052.74  3.13279  2.3213  896.483
BBFactor: 1052.74  3.13279  2.3213  896.483
BBFactor: 1052.74  3.13278  2.3213  896.483
BBFactor: 1052.74  3.1328  2.3213  896.483
BBFactor: 1052.74  3.13278  2.3213  896.483
BBFactor: 1052.74  3.13278  2.32132  896.483
BBFactor: 1052.74  3.13279  2.32128  896.483
BBFactor: 1052.74  3.13294  2.3214  896.482
BBFactor: 1052.74  3.13264  2.3212  896.485
BBFactor: 1052.74  3.13281  2.32093  896.483
BBFactor: 1052.74  3.13277  2.32166  896.484
BBFactor: 1052.74  3.1332  2.32129  896.483
BBFactor: 1052.74  3.13237  2.3213  896.483
BBFactor: 1052.74  3.13283  2.32132  896.484
BBFactor: 1052.74  3.13274  2.32127  896.482
BBFactor: 1052.74  3.13279  2.32165  896.483
BBFactor: 1052.74  3.13278  2.32094  896.483
BBFactor: 1052.74  3.13318  2.3213  896.483
BBFactor: 1052.74  3.1324  2.3213  896.483
BBFactor: 1052.74  3.13279  2.3213  896.483
BBFactor: 506.651  9.49535  7.74176  423.016
BBFactor: 506.651  9.49535  7.74176  423.016
BBFactor: 506.651  9.49477  7.74178  423.017
BBFactor: 506.651  9.49592  7.74174  423.015
BBFactor: 506.652  9.49543  7.74123  423.016
BBFactor: 506.65  9.49526  7.74229  423.016
BBFactor: 506.651  9.49507  7.7419  423.016
BBFactor: 506.651  9.49562  7.74161  423.016
BBFactor: 506.651  9.49535  7.74146  423.016
BBFactor: 506.651  9.49535  7.74206  423.016
BBFactor: 506.651  9.49567  7.74176  423.016
BBFactor: 506.651  9.49502  7.74176  423.016
BBFactor: 506.652  9.49545  7.7418  423.016
BBFactor: 506.651  9.49524  7.74172  423.016
BBFactor: 506.651  9.49535  7.74176  423.016
BBFactor: 506.651  9.49535  7.74176  423.016
BBFactor: 506.651  9.49534  7.74176  423.016
BBFactor: 506.651  9.49537  7.74176  423.016
BBFactor: 506.651  9.49532  7.74176  423.016
BBFactor: 506.651  9.49534  7.74179  423.016
BBFactor: 506.651  9.49535  7.74173  423.016
BBFactor: 506.651  9.49549  7.74186  423.016
BBFactor: 506.652  9.4952  7.74166  423.016
BBFactor: 506.651  9.49537  7.74147  423.016
BBFactor: 506.651  9.49532  7.74204  423.016
BBFactor: 506.651  9.49565  7.74175  423.016
BBFactor: 506.651  9.49504  7.74177  423.016
BBFactor: 506.651  9.4954  7.74179  423.016
BBFactor: 506.651  9.49529  7.74173  423.016
BBFactor: 506.651  9.49535  7.74203  423.016
BBFactor: 506.651  9.49534  7.74148  423.016
BBFactor: 506.651  9.49563  7.74176  423.016
BBFactor: 506.651  9.49506  7.74176  423.016
BBFactor: 506.651  9.49535  7.74176  423.016
BBFactor: 196.969  17.3361  17.7041  159.453
BBFactor: 196.969  17.3361  17.7041  159.453
BBFactor: 196.969  17.3355  17.7041  159.454
BBFactor: 196.969  17.3367  17.7041  159.453
BBFactor: 196.969  17.3361  17.7035  159.453
BBFactor: 196.968  17.336  17.7046  159.453
BBFactor: 196.969  17.336  17.7041  159.454
BBFactor: 196.969  17.3362  17.704  159.453
BBFactor: 196.969  17.3361  17.7038  159.453
BBFactor: 196.969  17.3361  17.7043  159.453
BBFactor: 196.969  17.3363  17.7041  159.453
BBFactor: 196.969  17.3359  17.7041  159.454
BBFactor: 196.969  17.3362  17.7041  159.454
BBFactor: 196.969  17.336  17.704  159.453
BBFactor: 196.969  17.3361  17.7041  159.453
BBFactor: 196.969  17.3361  17.7041  159.453
BBFactor: 196.969  17.3361  17.7041  159.453
BBFactor: 196.969  17.3361  17.7041  159.453
BBFactor: 196.969  17.3361  17.7041  159.453
BBFactor: 196.969  17.3361  17.7041  159.453
BBFactor: 196.969  17.3361  17.704  159.453
BBFactor: 196.969  17.3362  17.7042  159.453
BBFactor: 196.969  17.336  17.704  159.454
BBFactor: 196.969  17.3361  17.7039  159.453
BBFactor: 196.969  17.3361  17.7043  159.454
BBFactor: 196.969  17.3363  17.704  159.453
BBFactor: 196.969  17.3359  17.7041  159.454
BBFactor: 196.969  17.3362  17.7041  159.454
BBFactor: 196.969  17.336  17.704  159.453
BBFactor: 196.969  17.3361  17.7043  159.453
BBFactor: 196.969  17.3361  17.7039  159.453
BBFactor: 196.969  17.3363  17.7041  159.453
BBFactor: 196.969  17.3359  17.7041  159.453
BBFactor: 196.969  17.3361  17.7041  159.453
BBFactor: 37.3899  11.2857  14.8744  30.0967
BBFactor: 37.3899  11.2857  14.8744  30.0967
BBFactor: 37.3899  11.2851  14.8744  30.0972
BBFactor: 37.39  11.2862  14.8744  30.0961
BBFactor: 37.3905  11.2857  14.8738  30.0967
BBFactor: 37.3894  11.2856  14.8749  30.0967
BBFactor: 37.39  11.2856  14.8743  30.0966
BBFactor: 37.3898  11.2857  14.8744  30.0967
BBFactor: 37.3901  11.2857  14.8742  30.0967
BBFactor: 37.3898  11.2857  14.8745  30.0967
BBFactor: 37.3899  11.2859  14.8744  30.0965
BBFactor: 37.3899  11.2855  14.8744  30.0968
BBFactor: 37.39  11.2857  14.8744  30.0967
BBFactor: 37.3899  11.2856  14.8743  30.0966
BBFactor: 37.3899  11.2857  14.8744  30.0967
BBFactor: 37.3899  11.2857  14.8744  30.0967
BBFactor: 37.3899  11.2857  14.8744  30.0967
BBFactor: 37.3899  11.2857  14.8744  30.0967
BBFactor: 37.39  11.2856  14.8744  30.0966
BBFactor: 37.39  11.2857  14.8744  30.0966
BBFactor: 37.3899  11.2857  14.8743  30.0967
BBFactor: 37.3898  11.2858  14.8745  30.0965
BBFactor: 37.3901  11.2855  14.8743  30.0968
BBFactor: 37.39  11.2857  14.8742  30.0966
BBFactor: 37.3898  11.2856  14.8745  30.0967
BBFactor: 37.39  11.2858  14.8743  30.0966
BBFactor: 37.3898  11.2855  14.8744  30.0967
BBFactor: 37.39  11.2857  14.8744  30.0967
BBFactor: 37.3899  11.2856  14.8743  30.0966
BBFactor: 37.39  11.2857  14.8745  30.0967
BBFactor: 37.3899  11.2857  14.8742  30.0966
BBFactor: 37.39  11.2858  14.8744  30.0967
BBFactor: 37.3899  11.2855  14.8744  30.0966
BBFactor: 37.3899  11.2857  14.8744  30.0967
BBFactor: 1.3898  0.892417  1.53991  1.20471
BBFactor: 1.3898  0.892417  1.53991  1.20471
BBFactor: 1.38978  0.891849  1.5399  1.20523
BBFactor: 1.38982  0.892985  1.53991  1.20419
BBFactor: 1.39034  0.89243  1.53938  1.20471
BBFactor: 1.38926  0.892403  1.54043  1.20471
BBFactor: 1.3899  0.892372  1.53987  1.20469
BBFactor: 1.38969  0.892462  1.53995  1.20473
BBFactor: 1.38997  0.892417  1.53973  1.20471
BBFactor: 1.38963  0.892417  1.54008  1.20471
BBFactor: 1.3898  0.892597  1.53991  1.20455
BBFactor: 1.3898  0.892237  1.53991  1.20487
BBFactor: 1.38983  0.892471  1.53993  1.20471
BBFactor: 1.38977  0.892363  1.53988  1.2047
BBFactor: 1.3898  0.892417  1.53991  1.20471
BBFactor: 1.3898  0.892415  1.5399  1.2047
BBFactor: 1.3898  0.892419  1.53991  1.20471
BBFactor: 1.38977  0.892455  1.53989  1.20474
BBFactor: 1.38982  0.892379  1.53992  1.20468
BBFactor: 1.38983  0.892408  1.53994  1.20469
BBFactor: 1.38977  0.892426  1.53987  1.20473
BBFactor: 1.38968  0.892528  1.54001  1.20459
BBFactor: 1.38992  0.892306  1.5398  1.20482
BBFactor: 1.38989  0.892459  1.53978  1.20464
BBFactor: 1.3897  0.892374  1.54004  1.20478
BBFactor: 1.38987  0.892562  1.53987  1.20462
BBFactor: 1.38972  0.892271  1.53994  1.2048
BBFactor: 1.38986  0.892461  1.53995  1.20476
BBFactor: 1.38974  0.892373  1.53986  1.20465
BBFactor: 1.38986  0.892427  1.54002  1.20474
BBFactor: 1.38974  0.892407  1.53979  1.20467
BBFactor: 1.38984  0.892546  1.53991  1.20477
BBFactor: 1.38976  0.892288  1.5399  1.20464
BBFactor: 1.3898  0.892417  1.53991  1.20471
BBFactor: 0.00268522  0.0045104  0.00859749  0.0138792
BBFactor: 0.00268522  0.0045104  0.00859749  0.0138792
BBFactor: 0.00266656  0.00394287  0.0085924  0.0144004
BBFactor: 0.00270387  0.00507794  0.00860258  0.013358
BBFactor: 0.0032224  0.00452367  0.0080685  0.0138789
BBFactor: 0.00214803  0.00449714  0.00912648  0.0138795
BBFactor: 0.00279074  0.00446602  0.00855665  0.013862
BBFactor: 0.00257969  0.00455479  0.00863833  0.0138964
BBFactor: 0.00285311  0.00451043  0.00842687  0.0138792
BBFactor: 0.00251732  0.00451038  0.0087681  0.0138792
BBFactor: 0.00268523  0.00469009  0.00859747  0.0137203
BBFactor: 0.0026852  0.00433072  0.00859751  0.0140381
BBFactor: 0.00271492  0.0045641  0.00861873  0.013882
BBFactor: 0.00265551  0.00445671  0.00857624  0.0138763
BBFactor: 0.00268522  0.0045104  0.00859749  0.0138792
BBFactor: 0.00268089  0.00450738  0.00859469  0.0138753
BBFactor: 0.00268954  0.00451342  0.00860029  0.0138831
BBFactor: 0.00265991  0.00454859  0.00858646  0.0139098
BBFactor: 0.00271052  0.00447222  0.00860851  0.0138486
BBFactor: 0.002711  0.00450168  0.00862757  0.0138612
BBFactor: 0.00265943  0.00451912  0.00856741  0.0138972
BBFactor: 0.00256627  0.004622  0.00870463  0.0137671
BBFactor: 0.00280416  0.0043988  0.00849035  0.0139913
BBFactor: 0.00278177  0.00455229  0.00846833  0.0138118
BBFactor: 0.00258866  0.00446852  0.00872665  0.0139466
BBFactor: 0.00276001  0.00465516  0.00856012  0.013789
BBFactor: 0.00261042  0.00436565  0.00863486  0.0139694
BBFactor: 0.00274607  0.00455493  0.0086453  0.0139367
BBFactor: 0.00262436  0.00446588  0.00854968  0.0138217
BBFactor: 0.00274891  0.00452036  0.00870784  0.0139122
BBFactor: 0.00262152  0.00450044  0.00848714  0.0138462
BBFactor: 0.0027264  0.0046386  0.00860744  0.0139428
BBFactor: 0.00264403  0.00438221  0.00858753  0.0138155
BBFactor: 0.00268522  0.0045104  0.00859749  0.0138792
BBFactor: 1.13159e-07  2.19764e-07  5.45927e-08  1.20127e-07
BBFactor: 1.13159e-07  2.19764e-07  5.45927e-08  1.20127e-07
BBFactor: 1.85452e-05  0.000567311  5.03414e-06  0.000521286
BBFactor: 1.87716e-05  0.000567751  5.1434e-06  0.000521046
BBFactor: 0.000537297  1.34854e-05  0.000528931  1.866e-07
BBFactor: 0.000537071  1.30457e-05  0.000529041  4.26863e-07
BBFactor: 0.000105642  4.41691e-05  4.07889e-05  1.70634e-05
BBFactor: 0.000105415  4.46085e-05  4.0898e-05  1.73037e-05
BBFactor: 0.000168003  2.4715e-07  0.000170557  1.0087e-07
BBFactor: 0.000167777  1.92378e-07  0.000170666  1.39384e-07
BBFactor: 1.3193e-07  0.000179904  3.22769e-08  0.000158797
BBFactor: 9.43875e-08  0.000179465  7.69087e-08  0.000159037
BBFactor: 2.98179e-05  5.39093e-05  2.12979e-05  2.96693e-06
BBFactor: 2.95916e-05  5.34698e-05  2.11887e-05  2.72667e-06
BBFactor: 1.13159e-07  2.19764e-07  5.45927e-08  1.20127e-07
BBFactor: 4.21176e-06  2.7979e-06  2.7443e-06  3.74912e-06
BBFactor: 4.43808e-06  3.23742e-06  2.8535e-06  3.98937e-06
BBFactor: 2.51856e-05  3.84014e-05  1.0971e-05  3.06874e-05
BBFactor: 2.54119e-05  3.79619e-05  1.10802e-05  3.04472e-05
BBFactor: 2.58952e-05  8.50267e-06  3.01336e-05  1.79131e-05
BBFactor: 2.56689e-05  8.94221e-06  3.00244e-05  1.81533e-05
BBFactor: 0.000118824  0.000111821  0.00010719  0.00011202
BBFactor: 0.00011905  0.000111381  0.000107081  0.00011226
BBFactor: 9.6673e-05  4.21074e-05  0.000129103  6.72909e-05
BBFactor: 9.64467e-05  4.16678e-05  0.000129212  6.75311e-05
BBFactor: 7.49112e-05  0.000144969  3.73196e-05  9.00843e-05
BBFactor: 7.46849e-05  0.000144529  3.74287e-05  9.03245e-05
BBFactor: 6.09587e-05  4.47456e-05  4.78589e-05  5.75971e-05
BBFactor: 6.07322e-05  4.4306e-05  4.77496e-05  5.73567e-05
BBFactor: 6.38092e-05  1.01823e-05  0.000110402  3.31082e-05
BBFactor: 6.35828e-05  9.74273e-06  0.000110293  3.28679e-05
BBFactor: 4.1296e-05  0.000128407  1.00105e-05  6.37655e-05
BBFactor: 4.10696e-05  0.000127967  9.90133e-06  6.35252e-05
BBFactor: 1.13159e-07  2.19764e-07  5.45927e-08  1.20127e-07
BBFactor: 4.18171e-05  7.61954e-05  2.86042e-05  4.91268e-06
BBFactor: 4.18167e-05  7.61956e-05  2.86043e-05  4.91238e-06
BBFactor: 4.18167e-05  7.61956e-05  2.86043e-05  4.91237e-06
BBFactor: 4.18167e-05  7.61956e-05  2.86043e-05  4.91237e-06
BBFactor: 4.18167e-05  7.61956e-05  2.86043e-05  4.91238e-06
BBFactor: 4.1817e-05  7.61953e-05  2.86036e-05  4.91252e-06
BBFactor: 4.18201e-05  7.61918e-05  2.85968e-05  4.91388e-06
BBFactor: 4.18511e-05  7.6157e-05  2.85287e-05  4.92739e-06
BBFactor: 4.21485e-05  7.58203e-05  2.78637e-05  5.05313e-06
BBFactor: 4.42247e-05  7.32937e-05  2.24781e-05  5.60166e-06
BBFactor: 4.42537e-05  6.72657e-05  4.21436e-06  1.83277e-06
BBFactor: 2.32339e-05  3.99779e-05  6.31528e-06  1.17203e-05
BBFactor: 3.88465e-06  6.85139e-06  1.49855e-06  2.63428e-06
BBFactor: 3.16747e-07  5.42678e-07  2.14509e-07  3.97056e-07
BBFactor: 6.98427e-08  1.42922e-07  7.07531e-08  1.48097e-07
###############################
BALL: 8142508126285856770
BBFactor: 11211.8  67.9279  214.116  9677
BBFactor: 11211.8  67.9279  214.116  9677
BBFactor: 11212  67.9285  214.116  9677.18
BBFactor: 11211.6  67.9274  214.116  9676.82
BBFactor: 11212  67.928  214.117  9677.21
BBFactor: 11211.5  67.9279  214.116  9676.8
BBFactor: 11211.8  67.9285  214.116  9677.01
BBFactor: 11211.8  67.9273  214.117  9676.99
BBFactor: 11211.8  67.9279  214.117  9677
BBFactor: 11211.8  67.9279  214.116  9677
BBFactor: 11211.8  67.9275  214.116  9676.99
BBFactor: 11211.8  67.9284  214.116  9677.01
BBFactor: 11212  67.928  214.116  9677.15
BBFactor: 11211.6  67.9279  214.116  9676.85
BBFactor: 11211.8  67.9279  214.116  9677
BBFactor: 11211.8  67.9279  214.116  9677
BBFactor: 11211.8  67.9279  214.116  9677
BBFactor: 11211.8  67.9279  214.116  9677
BBFactor: 11211.8  67.9279  214.116  9677
BBFactor: 11211.8  67.9279  214.116  9677
BBFactor: 11211.8  67.9279  214.116  9677
BBFactor: 11211.6  67.9277  214.116  9676.87
BBFactor: 11211.9  67.9282  214.116  9677.14
BBFactor: 11211.8  67.9279  214.117  9676.97
BBFactor: 11211.8  67.928  214.116  9677.03
BBFactor: 11211.9  67.9276  214.116  9677.06
BBFactor: 11211.7  67.9283  214.116  9676.94
BBFactor: 11211.9  67.9278  214.116  9677.12
BBFactor: 11211.7  67.9281  214.116  9676.88
BBFactor: 11211.8  67.9279  214.116  9677.01
BBFactor: 11211.8  67.9279  214.117  9677
BBFactor: 11211.8  67.9276  214.116  9677.03
BBFactor: 11211.8  67.9282  214.116  9676.98
BBFactor: 11211.8  67.9279  214.116  9677
BBFactor: 6573.49  65.0009  178.77  5656.34
BBFactor: 6573.49  65.0009  178.77  5656.34
BBFactor: 6573.55  65.0004  178.77  5656.41
BBFactor: 6573.43  65.0014  178.769  5656.28
BBFactor: 6573.58  65.001  178.769  5656.4
BBFactor: 6573.4  65.0008  178.77  5656.28
BBFactor: 6573.49  65  178.771  5656.35
BBFactor: 6573.49  65.0019  178.769  5656.34
BBFactor: 6573.5  65.0009  178.769  5656.34
BBFactor: 6573.48  65.0009  178.771  5656.34
BBFactor: 6573.49  65.0018  178.77  5656.34
BBFactor: 6573.49  65.0001  178.77  5656.35
BBFactor: 6573.58  65.001  178.77  5656.42
BBFactor: 6573.4  65.0008  178.769  5656.26
BBFactor: 6573.49  65.0009  178.77  5656.34
BBFactor: 6573.49  65.0009  178.77  5656.34
BBFactor: 6573.49  65.0009  178.77  5656.35
BBFactor: 6573.46  65.0011  178.77  5656.32
BBFactor: 6573.52  65.0007  178.77  5656.37
BBFactor: 6573.47  65.0009  178.769  5656.32
BBFactor: 6573.51  65.0009  178.77  5656.37
BBFactor: 6573.41  65.0012  178.769  5656.27
BBFactor: 6573.57  65.0006  178.77  5656.42
BBFactor: 6573.48  65.0009  178.769  5656.33
BBFactor: 6573.5  65.0009  178.771  5656.36
BBFactor: 6573.53  65.0017  178.77  5656.37
BBFactor: 6573.45  65.0001  178.769  5656.31
BBFactor: 6573.55  65.001  178.77  5656.4
BBFactor: 6573.43  65.0008  178.77  5656.29
BBFactor: 6573.49  65.0009  178.771  5656.35
BBFactor: 6573.49  65.0009  178.769  5656.34
BBFactor: 6573.52  65.0017  178.77  5656.36
BBFactor: 6573.46  65.0001  178.77  5656.33
BBFactor: 6573.49  65.0009  178.77  5656.34
BBFactor: 3533.2  12.4936  32.9467  3041.96
BBFactor: 3533.2  12.4936  32.9467  3041.96
BBFactor: 3533.21  12.4931  32.9468  3041.98
BBFactor: 3533.18  12.4941  32.9465  3041.94
BBFactor: 3533.22  12.4936  32.9461  3041.98
BBFactor: 3533.17  12.4936  32.9472  3041.95
BBFactor: 3533.19  12.4928  32.9474  3041.96
BBFactor: 3533.2  12.4944  32.9459  3041.96
BBFactor: 3533.2  12.4936  32.946  3041.96
BBFactor: 3533.19  12.4936  32.9474  3041.96
BBFactor: 3533.2  12.4943  32.9467  3041.96
BBFactor: 3533.2  12.4929  32.9467  3041.97
BBFactor: 3533.22  12.4936  32.9468  3041.98
BBFactor: 3533.17  12.4936  32.9465  3041.94
BBFactor: 3533.2  12.4936  32.9467  3041.96
BBFactor: 3533.2  12.4936  32.9467  3041.96
BBFactor: 3533.2  12.4936  32.9467  3041.96
BBFactor: 3533.19  12.4938  32.9467  3041.96
BBFactor: 3533.2  12.4934  32.9467  3041.97
BBFactor: 3533.19  12.4936  32.9467  3041.96
BBFactor: 3533.2  12.4936  32.9466  3041.97
BBFactor: 3533.18  12.4939  32.9467  3041.94
BBFactor: 3533.22  12.4933  32.9466  3041.98
BBFactor: 3533.2  12.4936  32.946  3041.96
BBFactor: 3533.2  12.4936  32.9474  3041.97
BBFactor: 3533.21  12.4942  32.9467  3041.97
BBFactor: 3533.19  12.493  32.9466  3041.96
BBFactor: 3533.21  12.4937  32.9467  3041.98
BBFactor: 3533.18  12.4935  32.9467  3041.95
BBFactor: 3533.2  12.4936  32.9474  3041.96
BBFactor: 3533.2  12.4936  32.946  3041.96
BBFactor: 3533.2  12.4942  32.9467  3041.96
BBFactor: 3533.19  12.493  32.9467  3041.96
BBFactor: 3533.2  12.4936  32.9467  3041.96
BBFactor: 1809.35  3.1025  6.48865  1560.05
BBFactor: 1809.35  3.1025  6.48865  1560.05
BBFactor: 1809.36  3.10198  6.48874  1560.06
BBFactor: 1809.35  3.10302  6.48857  1560.05
BBFactor: 1809.36  3.1025  6.48812  1560.05
BBFactor: 1809.34  3.1025  6.48918  1560.05
BBFactor: 1809.35  3.10178  6.48929  1560.05
BBFactor: 1809.35  3.10322  6.48801  1560.05
BBFactor: 1809.35  3.1025  6.48808  1560.05
BBFactor: 1809.35  3.1025  6.48923  1560.05
BBFactor: 1809.35  3.10307  6.48865  1560.05
BBFactor: 1809.35  3.10193  6.48865  1560.05
BBFactor: 1809.36  3.1025  6.48873  1560.05
BBFactor: 1809.35  3.1025  6.48858  1560.05
BBFactor: 1809.35  3.1025  6.48865  1560.05
BBFactor: 1809.35  3.10251  6.48865  1560.05
BBFactor: 1809.35  3.10248  6.48865  1560.05
BBFactor: 1809.35  3.10266  6.48865  1560.05
BBFactor: 1809.35  3.10234  6.48865  1560.05
BBFactor: 1809.35  3.10248  6.48872  1560.05
BBFactor: 1809.35  3.10252  6.48859  1560.05
BBFactor: 1809.35  3.10276  6.48873  1560.05
BBFactor: 1809.36  3.10224  6.48858  1560.06
BBFactor: 1809.35  3.10253  6.48808  1560.05
BBFactor: 1809.35  3.10246  6.48923  1560.05
BBFactor: 1809.35  3.103  6.48866  1560.05
BBFactor: 1809.35  3.10199  6.48865  1560.05
BBFactor: 1809.36  3.10258  6.48866  1560.05
BBFactor: 1809.35  3.10241  6.48865  1560.05
BBFactor: 1809.35  3.1025  6.48923  1560.05
BBFactor: 1809.35  3.10249  6.48808  1560.05
BBFactor: 1809.35  3.10298  6.48865  1560.05
BBFactor: 1809.35  3.10202  6.48865  1560.05
BBFactor: 1809.35  3.1025  6.48865  1560.05
BBFactor: 910.931  5.2257  5.76886  783.173
BBFactor: 910.931  5.2257  5.76886  783.173
BBFactor: 910.932  5.22518  5.76892  783.175
BBFactor: 910.93  5.22622  5.76879  783.171
BBFactor: 910.934  5.2257  5.76833  783.174
BBFactor: 910.929  5.2257  5.76939  783.172
BBFactor: 910.931  5.22515  5.76933  783.173
BBFactor: 910.932  5.22625  5.76838  783.173
BBFactor: 910.932  5.2257  5.76841  783.173
BBFactor: 910.931  5.2257  5.7693  783.173
BBFactor: 910.931  5.22615  5.76886  783.172
BBFactor: 910.931  5.22525  5.76886  783.174
BBFactor: 910.932  5.2257  5.76891  783.174
BBFactor: 910.93  5.2257  5.7688  783.172
BBFactor: 910.931  5.2257  5.76886  783.173
BBFactor: 910.931  5.22571  5.76886  783.173
BBFactor: 910.931  5.22569  5.76885  783.173
BBFactor: 910.931  5.22585  5.76886  783.173
BBFactor: 910.932  5.22555  5.76886  783.173
BBFactor: 910.932  5.22568  5.76892  783.173
BBFactor: 910.931  5.22572  5.76879  783.174
BBFactor: 910.93  5.22593  5.76893  783.172
BBFactor: 910.932  5.22547  5.76879  783.174
BBFactor: 910.931  5.22573  5.76841  783.173
BBFactor: 910.931  5.22567  5.7693  783.173
BBFactor: 910.932  5.22609  5.76885  783.173
BBFactor: 910.93  5.22532  5.76886  783.173
BBFactor: 910.932  5.22578  5.76886  783.174
BBFactor: 910.93  5.22563  5.76885  783.172
BBFactor: 910.931  5.2257  5.7693  783.173
BBFactor: 910.931  5.2257  5.76842  783.173
BBFactor: 910.932  5.22607  5.76886  783.173
BBFactor: 910.931  5.22534  5.76886  783.173
BBFactor: 910.931  5.2257  5.76886  783.173
BBFactor: 423.014  14.4665  13.3829  357.401
BBFactor: 423.014  14.4665  13.3829  357.401
BBFactor: 423.014  14.466  13.3829  357.402
BBFactor: 423.014  14.467  13.3828  357.4
BBFactor: 423.015  14.4665  13.3824  357.401
BBFactor: 423.013  14.4665  13.3834  357.401
BBFactor: 423.014  14.4661  13.3832  357.401
BBFactor: 423.014  14.4668  13.3826  357.401
BBFactor: 423.014  14.4665  13.3826  357.401
BBFactor: 423.013  14.4665  13.3832  357.401
BBFactor: 423.014  14.4668  13.3829  357.401
BBFactor: 423.014  14.4662  13.3829  357.401
BBFactor: 423.014  14.4665  13.3829  357.401
BBFactor: 423.013  14.4665  13.3828  357.401
BBFactor: 423.014  14.4665  13.3829  357.401
BBFactor: 423.014  14.4665  13.3829  357.401
BBFactor: 423.014  14.4665  13.3829  357.401
BBFactor: 423.014  14.4666  13.3829  357.401
BBFactor: 423.014  14.4664  13.3829  357.401
BBFactor: 423.014  14.4665  13.383  357.401
BBFactor: 423.013  14.4665  13.3828  357.401
BBFactor: 423.013  14.4667  13.383  357.401
BBFactor: 423.014  14.4663  13.3828  357.402
BBFactor: 423.014  14.4665  13.3826  357.401
BBFactor: 423.014  14.4665  13.3832  357.401
BBFactor: 423.014  14.4667  13.3829  357.401
BBFactor: 423.013  14.4662  13.3829  357.401
BBFactor: 423.014  14.4666  13.3829  357.401
BBFactor: 423.014  14.4664  13.3829  357.401
BBFactor: 423.014  14.4665  13.3832  357.401
BBFactor: 423.014  14.4665  13.3826  357.401
BBFactor: 423.014  14.4667  13.3829  357.401
BBFactor: 423.014  14.4663  13.3829  357.401
BBFactor: 423.014  14.4665  13.3829  357.401
BBFactor: 143.793  27.372  22.3295  110.937
BBFactor: 143.793  27.372  22.3295  110.937
BBFactor: 143.793  27.3715  22.3295  110.938
BBFactor: 143.793  27.3725  22.3294  110.937
BBFactor: 143.794  27.372  22.3289  110.937
BBFactor: 143.793  27.372  22.33  110.937
BBFactor: 143.793  27.3718  22.3296  110.937
BBFactor: 143.793  27.3722  22.3293  110.937
BBFactor: 143.793  27.372  22.3292  110.937
BBFactor: 143.793  27.372  22.3297  110.937
BBFactor: 143.793  27.3722  22.3295  110.937
BBFactor: 143.793  27.3718  22.3295  110.937
BBFactor: 143.793  27.372  22.3295  110.937
BBFactor: 143.793  27.372  22.3294  110.937
BBFactor: 143.793  27.372  22.3295  110.937
BBFactor: 143.793  27.372  22.3295  110.937
BBFactor: 143.793  27.372  22.3294  110.937
BBFactor: 143.793  27.3721  22.3294  110.937
BBFactor: 143.793  27.3719  22.3295  110.937
BBFactor: 143.793  27.372  22.3295  110.937
BBFactor: 143.793  27.372  22.3294  110.937
BBFactor: 143.793  27.3722  22.3295  110.937
BBFactor: 143.793  27.3718  22.3294  110.937
BBFactor: 143.793  27.372  22.3293  110.937
BBFactor: 143.793  27.372  22.3297  110.937
BBFactor: 143.793  27.3721  22.3294  110.937
BBFactor: 143.793  27.3718  22.3295  110.937
BBFactor: 143.793  27.3721  22.3295  110.937
BBFactor: 143.793  27.3719  22.3295  110.937
BBFactor: 143.793  27.372  22.3297  110.937
BBFactor: 143.793  27.372  22.3293  110.937
BBFactor: 143.793  27.3721  22.3295  110.937
BBFactor: 143.793  27.3719  22.3294  110.937
BBFactor: 143.793  27.372  22.3295  110.937
BBFactor: 18.7581  16.6413  11.3886  12.2073
BBFactor: 18.7581  16.6413  11.3886  12.2073
BBFactor: 18.7581  16.6407  11.3886  12.2078
BBFactor: 18.7581  16.6418  11.3886  12.2068
BBFactor: 18.7587  16.6413  11.3881  12.2073
BBFactor: 18.7576  16.6413  11.3891  12.2073
BBFactor: 18.7581  16.6411  11.3887  12.2073
BBFactor: 18.7581  16.6414  11.3885  12.2073
BBFactor: 18.7583  16.6413  11.3884  12.2073
BBFactor: 18.758  16.6413  11.3888  12.2073
BBFactor: 18.7581  16.6414  11.3886  12.2071
BBFactor: 18.7581  16.6411  11.3886  12.2075
BBFactor: 18.7582  16.6413  11.3886  12.2073
BBFactor: 18.7581  16.6413  11.3886  12.2073
BBFactor: 18.7581  16.6413  11.3886  12.2073
BBFactor: 18.7582  16.6413  11.3886  12.2073
BBFactor: 18.7581  16.6413  11.3886  12.2073
BBFactor: 18.7581  16.6413  11.3886  12.2074
BBFactor: 18.7582  16.6412  11.3886  12.2072
BBFactor: 18.7582  16.6412  11.3886  12.2072
BBFactor: 18.7581  16.6413  11.3886  12.2074
BBFactor: 18.7581  16.6414  11.3886  12.2071
BBFactor: 18.7582  16.6411  11.3885  12.2074
BBFactor: 18.7582  16.6413  11.3884  12.2073
BBFactor: 18.7581  16.6412  11.3887  12.2073
BBFactor: 18.7583  16.6413  11.3885  12.2072
BBFactor: 18.758  16.6412  11.3887  12.2073
BBFactor: 18.7582  16.6413  11.3886  12.2074
BBFactor: 18.7581  16.6412  11.3886  12.2072
BBFactor: 18.7582  16.6413  11.3887  12.2073
BBFactor: 18.7581  16.6413  11.3885  12.2073
BBFactor: 18.7582  16.6413  11.3886  12.2073
BBFactor: 18.7581  16.6412  11.3886  12.2073
BBFactor: 18.7581  16.6413  11.3886  12.2073
BBFactor: 0.0411025  1.37177  0.270438  0.667887
BBFactor: 0.0411025  1.37177  0.270438  0.667887
BBFactor: 0.0410999  1.37125  0.270444  0.668416
BBFactor: 0.0411051  1.37229  0.270431  0.667359
BBFactor: 0.0405516  1.37177  0.269909  0.667883
BBFactor: 0.0416534  1.37177  0.270966  0.667892
BBFactor: 0.0411133  1.37167  0.270492  0.667852
BBFactor: 0.0410917  1.37187  0.270383  0.667922
BBFactor: 0.0409463  1.37177  0.270263  0.667887
BBFactor: 0.0412587  1.37177  0.270612  0.667887
BBFactor: 0.0411025  1.37194  0.270437  0.66773
BBFactor: 0.0411025  1.3716  0.270438  0.668045
BBFactor: 0.041065  1.37177  0.270458  0.667906
BBFactor: 0.04114  1.37177  0.270417  0.667868
BBFactor: 0.0411025  1.37177  0.270438  0.667887
BBFactor: 0.0410746  1.37177  0.270464  0.667894
BBFactor: 0.0411304  1.37177  0.270411  0.667881
BBFactor: 0.0411198  1.37184  0.270429  0.667943
BBFactor: 0.0410852  1.3717  0.270446  0.667831
BBFactor: 0.0410772  1.37175  0.270463  0.667842
BBFactor: 0.0411278  1.37178  0.270412  0.667933
BBFactor: 0.0411549  1.37193  0.27048  0.667736
BBFactor: 0.0410501  1.37161  0.270395  0.668038
BBFactor: 0.0410106  1.37178  0.270293  0.667868
BBFactor: 0.0411944  1.37176  0.270582  0.667907
BBFactor: 0.0409817  1.37183  0.270347  0.667842
BBFactor: 0.0412233  1.37171  0.270528  0.667932
BBFactor: 0.0410999  1.37183  0.270439  0.667954
BBFactor: 0.0411052  1.37171  0.270436  0.667821
BBFactor: 0.0410361  1.37177  0.270569  0.667896
BBFactor: 0.0411689  1.37177  0.270307  0.667879
BBFactor: 0.0410192  1.37183  0.270475  0.667922
BBFactor: 0.0411858  1.37171  0.2704  0.667853
BBFactor: 0.0411025  1.37177  0.270438  0.667887
BBFactor: 0.00418907  0.00364154  0.00239726  0.00262327
BBFactor: 0.00418907  0.00364154  0.00239726  0.00262327
BBFactor: 0.00418621  0.00312052  0.00239089  0.00315172
BBFactor: 0.00419194  0.00416256  0.00240364  0.00209482
BBFactor: 0.00363813  0.00364092  0.00292552  0.00261913
BBFactor: 0.00474002  0.00364216  0.00186901  0.00262741
BBFactor: 0.00420099  0.00354374  0.00234359  0.00258868
BBFactor: 0.00417716  0.00373934  0.00245094  0.00265786
BBFactor: 0.00403308  0.00364157  0.00257151  0.00262325
BBFactor: 0.00434507  0.00364152  0.00222302  0.00262329
BBFactor: 0.00418906  0.00381457  0.00239729  0.00246601
BBFactor: 0.00418909  0.00346851  0.00239724  0.00278053
BBFactor: 0.0041516  0.00364043  0.00237657  0.00264209
BBFactor: 0.00422655  0.00364265  0.00241796  0.00260445
BBFactor: 0.00418907  0.00364154  0.00239726  0.00262327
BBFactor: 0.00416063  0.00364446  0.00237038  0.00262967
BBFactor: 0.00421752  0.00363863  0.00242415  0.00261687
BBFactor: 0.00420581  0.00371153  0.00240544  0.00267935
BBFactor: 0.00417234  0.00357155  0.00238909  0.00256719
BBFactor: 0.00416439  0.003626  0.00237213  0.00257803
BBFactor: 0.00421376  0.00365709  0.00242239  0.00266851
BBFactor: 0.00424013  0.00380282  0.00235589  0.00247224
BBFactor: 0.00413802  0.00348026  0.00243863  0.0027743
BBFactor: 0.00409715  0.00364865  0.00254136  0.00260501
BBFactor: 0.004281  0.00363443  0.00225317  0.00264153
BBFactor: 0.00406792  0.00370379  0.00248841  0.00257927
BBFactor: 0.00431023  0.00357929  0.00230611  0.00266727
BBFactor: 0.00418666  0.00370365  0.00239599  0.00268921
BBFactor: 0.00419149  0.00357944  0.00239853  0.00255733
BBFactor: 0.00412255  0.00364257  0.00226625  0.00263146
BBFactor: 0.00425559  0.00364052  0.00252828  0.00261508
BBFactor: 0.00410566  0.00369829  0.00235942  0.00265759
BBFactor: 0.00427249  0.0035848  0.00243511  0.00258895
BBFactor: 0.00418907  0.00364154  0.00239726  0.00262327
BBFactor: 2.52425e-08  2.9789e-08  3.70949e-09  2.54075e-08
###############################
BALL: 8142508126285856771
BBFactor: 11387.8  1.92794  237.116  9628
BBFactor: 11387.8  1.92794  237.116  9628
BBFactor: 11388  1.92847  237.116  9628.18
BBFactor: 11387.6  1.92741  237.116  9627.82
BBFactor: 11388  1.92802  237.117  9628.21
BBFactor: 11387.5  1.92786  237.116  9627.8
BBFactor: 11387.8  1.92853  237.116  9628.01
BBFactor: 11387.8  1.92735  237.117  9627.99
BBFactor: 11387.8  1.92794  237.117  9628
BBFactor: 11387.8  1.92794  237.116  9628
BBFactor: 11387.8  1.9275  237.116  9627.99
BBFactor: 11387.8  1.92837  237.116  9628.01
BBFactor: 11388  1.928  237.116  9628.15
BBFactor: 11387.6  1.92788  237.116  9627.85
BBFactor: 11387.8  1.92794  237.116  9628
BBFactor: 11387.8  1.92794  237.116  9628
BBFactor: 11387.8  1.92794  237.116  9628
BBFactor: 11387.8  1.92794  237.116  9628
BBFactor: 11387.8  1.92794  237.116  9628
BBFactor: 11387.8  1.92794  237.116  9628
BBFactor: 11387.8  1.92794  237.116  9628
BBFactor: 11387.6  1.92769  237.116  9627.87
BBFactor: 11387.9  1.92819  237.116  9628.14
BBFactor: 11387.8  1.9279  237.117  9627.97
BBFactor: 11387.8  1.92798  237.116  9628.03
BBFactor: 11387.9  1.92758  237.116  9628.06
BBFactor: 11387.7  1.9283  237.116  9627.94
BBFactor: 11387.9  1.9278  237.116  9628.12
BBFactor: 11387.7  1.92808  237.116  9627.88
BBFactor: 11387.8  1.92793  237.116  9628.01
BBFactor: 11387.8  1.92794  237.117  9628
BBFactor: 11387.8  1.92764  237.116  9628.03
BBFactor: 11387.8  1.92823  237.116  9627.98
BBFactor: 11387.8  1.92794  237.116  9628
BBFactor: 6190.16  82.569  429.53  5031.36
BBFactor: 6190.16  82.569  429.53  5031.36
BBFactor: 6190.21  82.5685  429.531  5031.41
BBFactor: 6190.12  82.5696  429.528  5031.31
BBFactor: 6190.24  82.5691  429.529  5031.4
BBFactor: 6190.09  82.569  429.531  5031.32
BBFactor: 6190.16  82.5677  429.531  5031.36
BBFactor: 6190.17  82.5703  429.528  5031.35
BBFactor: 6190.17  82.569  429.528  5031.36
BBFactor: 6190.16  82.569  429.531  5031.36
BBFactor: 6190.16  82.5702  429.53  5031.35
BBFactor: 6190.16  82.5679  429.53  5031.37
BBFactor: 6190.25  82.5691  429.531  5031.43
BBFactor: 6190.08  82.569  429.528  5031.29
BBFactor: 6190.16  82.569  429.53  5031.36
BBFactor: 6190.16  82.569  429.529  5031.35
BBFactor: 6190.17  82.569  429.53  5031.36
BBFactor: 6190.11  82.5695  429.529  5031.32
BBFactor: 6190.21  82.5686  429.53  5031.39
BBFactor: 6190.14  82.569  429.528  5031.32
BBFactor: 6190.18  82.569  429.531  5031.39
BBFactor: 6190.09  82.5695  429.529  5031.29
BBFactor: 6190.24  82.5686  429.531  5031.43
BBFactor: 6190.15  82.569  429.528  5031.34
BBFactor: 6190.17  82.569  429.531  5031.37
BBFactor: 6190.2  82.5701  429.53  5031.38
BBFactor: 6190.13  82.568  429.529  5031.33
BBFactor: 6190.22  82.5691  429.53  5031.41
BBFactor: 6190.11  82.5689  429.529  5031.31
BBFactor: 6190.16  82.569  429.531  5031.36
BBFactor: 6190.16  82.569  429.528  5031.35
BBFactor: 6190.19  82.5701  429.53  5031.37
BBFactor: 6190.14  82.568  429.529  5031.35
BBFactor: 6190.16  82.569  429.53  5031.36
BBFactor: 3503.55  25.3594  115.308  2858.3
BBFactor: 3503.55  25.3594  115.308  2858.3
BBFactor: 3503.56  25.3589  115.308  2858.31
BBFactor: 3503.54  25.3599  115.307  2858.28
BBFactor: 3503.57  25.3593  115.307  2858.31
BBFactor: 3503.53  25.3595  115.308  2858.28
BBFactor: 3503.55  25.3583  115.309  2858.3
BBFactor: 3503.55  25.3605  115.307  2858.29
BBFactor: 3503.55  25.3594  115.307  2858.3
BBFactor: 3503.55  25.3594  115.309  2858.3
BBFactor: 3503.55  25.3602  115.308  2858.29
BBFactor: 3503.55  25.3586  115.308  2858.3
BBFactor: 3503.57  25.3593  115.308  2858.31
BBFactor: 3503.53  25.3595  115.307  2858.28
BBFactor: 3503.55  25.3594  115.308  2858.3
BBFactor: 3503.55  25.3594  115.308  2858.3
BBFactor: 3503.55  25.3594  115.308  2858.3
BBFactor: 3503.54  25.3597  115.308  2858.29
BBFactor: 3503.56  25.3591  115.308  2858.3
BBFactor: 3503.55  25.3594  115.308  2858.29
BBFactor: 3503.55  25.3594  115.308  2858.31
BBFactor: 3503.53  25.3598  115.308  2858.28
BBFactor: 3503.57  25.359  115.308  2858.31
BBFactor: 3503.55  25.3595  115.307  2858.29
BBFactor: 3503.55  25.3593  115.309  2858.3
BBFactor: 3503.56  25.3601  115.308  2858.3
BBFactor: 3503.54  25.3587  115.308  2858.29
BBFactor: 3503.56  25.3595  115.308  2858.31
BBFactor: 3503.54  25.3593  115.308  2858.28
BBFactor: 3503.55  25.3594  115.309  2858.3
BBFactor: 3503.55  25.3594  115.307  2858.3
BBFactor: 3503.55  25.3601  115.308  2858.3
BBFactor: 3503.54  25.3587  115.308  2858.3
BBFactor: 3503.55  25.3594  115.308  2858.3
BBFactor: 1850.16  6.9845  26.3492  1515.12
BBFactor: 1850.16  6.9845  26.3492  1515.12
BBFactor: 1850.17  6.98397  26.3494  1515.13
BBFactor: 1850.16  6.98503  26.349  1515.12
BBFactor: 1850.17  6.9844  26.3487  1515.13
BBFactor: 1850.16  6.9846  26.3498  1515.12
BBFactor: 1850.16  6.98363  26.3501  1515.12
BBFactor: 1850.16  6.98537  26.3483  1515.12
BBFactor: 1850.16  6.9845  26.3485  1515.12
BBFactor: 1850.16  6.9845  26.3499  1515.12
BBFactor: 1850.16  6.98512  26.3492  1515.12
BBFactor: 1850.16  6.98388  26.3492  1515.12
BBFactor: 1850.17  6.98443  26.3494  1515.13
BBFactor: 1850.16  6.98457  26.3491  1515.12
BBFactor: 1850.16  6.9845  26.3492  1515.12
BBFactor: 1850.16  6.98453  26.3492  1515.12
BBFactor: 1850.16  6.98447  26.3492  1515.12
BBFactor: 1850.16  6.98475  26.3492  1515.12
BBFactor: 1850.17  6.98425  26.3492  1515.12
BBFactor: 1850.16  6.98446  26.3493  1515.12
BBFactor: 1850.16  6.98454  26.3492  1515.13
BBFactor: 1850.16  6.98481  26.3492  1515.12
BBFactor: 1850.17  6.98419  26.3492  1515.13
BBFactor: 1850.16  6.98456  26.3485  1515.12
BBFactor: 1850.16  6.98444  26.3499  1515.12
BBFactor: 1850.16  6.98504  26.3492  1515.12
BBFactor: 1850.16  6.98396  26.3492  1515.12
BBFactor: 1850.17  6.98458  26.3492  1515.13
BBFactor: 1850.16  6.98442  26.3492  1515.12
BBFactor: 1850.16  6.98451  26.3499  1515.12
BBFactor: 1850.16  6.98449  26.3485  1515.12
BBFactor: 1850.16  6.98502  26.3492  1515.12
BBFactor: 1850.16  6.98398  26.3492  1515.12
BBFactor: 1850.16  6.9845  26.3492  1515.12
BBFactor: 956.204  7.21208  15.9962  782.672
BBFactor: 956.204  7.21208  15.9962  782.672
BBFactor: 956.204  7.21156  15.9963  782.674
BBFactor: 956.203  7.21261  15.9961  782.669
BBFactor: 956.206  7.21201  15.9957  782.672
BBFactor: 956.201  7.21216  15.9968  782.671
BBFactor: 956.203  7.21149  15.9969  782.672
BBFactor: 956.204  7.21268  15.9956  782.671
BBFactor: 956.204  7.21208  15.9957  782.672
BBFactor: 956.203  7.21208  15.9967  782.672
BBFactor: 956.204  7.21252  15.9962  782.671
BBFactor: 956.204  7.21164  15.9962  782.672
BBFactor: 956.204  7.21203  15.9963  782.673
BBFactor: 956.203  7.21214  15.9961  782.671
BBFactor: 956.204  7.21208  15.9962  782.672
BBFactor: 956.204  7.21211  15.9962  782.672
BBFactor: 956.203  7.21206  15.9962  782.671
BBFactor: 956.203  7.21227  15.9962  782.672
BBFactor: 956.204  7.21189  15.9962  782.671
BBFactor: 956.204  7.21205  15.9963  782.671
BBFactor: 956.203  7.21212  15.9961  782.672
BBFactor: 956.203  7.21231  15.9963  782.67
BBFactor: 956.204  7.21186  15.9961  782.673
BBFactor: 956.204  7.21213  15.9957  782.671
BBFactor: 956.203  7.21204  15.9967  782.672
BBFactor: 956.204  7.21246  15.9962  782.671
BBFactor: 956.203  7.21171  15.9962  782.672
BBFactor: 956.204  7.21214  15.9962  782.672
BBFactor: 956.203  7.21202  15.9962  782.671
BBFactor: 956.204  7.21209  15.9967  782.672
BBFactor: 956.203  7.21208  15.9957  782.671
BBFactor: 956.204  7.21244  15.9962  782.672
BBFactor: 956.203  7.21173  15.9962  782.672
BBFactor: 956.204  7.21208  15.9962  782.672
BBFactor: 448.011  19.2117  31.8477  364.823
BBFactor: 448.011  19.2117  31.8477  364.823
BBFactor: 448.012  19.2112  31.8478  364.824
BBFactor: 448.011  19.2122  31.8476  364.822
BBFactor: 448.012  19.2116  31.8471  364.823
BBFactor: 448.011  19.2117  31.8482  364.823
BBFactor: 448.011  19.2114  31.8481  364.823
BBFactor: 448.012  19.212  31.8473  364.823
BBFactor: 448.012  19.2117  31.8474  364.823
BBFactor: 448.011  19.2117  31.848  364.823
BBFactor: 448.011  19.212  31.8477  364.822
BBFactor: 448.011  19.2114  31.8477  364.823
BBFactor: 448.012  19.2117  31.8478  364.823
BBFactor: 448.011  19.2117  31.8476  364.822
BBFactor: 448.011  19.2117  31.8477  364.823
BBFactor: 448.011  19.2117  31.8477  364.823
BBFactor: 448.011  19.2117  31.8477  364.823
BBFactor: 448.011  19.2118  31.8477  364.823
BBFactor: 448.012  19.2115  31.8477  364.823
BBFactor: 448.012  19.2116  31.8478  364.822
BBFactor: 448.011  19.2117  31.8476  364.823
BBFactor: 448.011  19.2118  31.8478  364.822
BBFactor: 448.012  19.2115  31.8476  364.823
BBFactor: 448.012  19.2117  31.8474  364.822
BBFactor: 448.011  19.2116  31.848  364.823
BBFactor: 448.012  19.2119  31.8476  364.823
BBFactor: 448.011  19.2115  31.8477  364.823
BBFactor: 448.012  19.2117  31.8477  364.823
BBFactor: 448.011  19.2116  31.8477  364.822
BBFactor: 448.011  19.2117  31.848  364.823
BBFactor: 448.011  19.2117  31.8474  364.823
BBFactor: 448.011  19.2119  31.8477  364.823
BBFactor: 448.011  19.2115  31.8477  364.823
BBFactor: 448.011  19.2117  31.8477  364.823
BBFactor: 138.758  34.9273  59.096  114.658
BBFactor: 138.758  34.9273  59.096  114.658
BBFactor: 138.758  34.9268  59.0961  114.658
BBFactor: 138.758  34.9278  59.096  114.657
BBFactor: 138.759  34.9273  59.0955  114.658
BBFactor: 138.758  34.9273  59.0966  114.658
BBFactor: 138.758  34.9272  59.0963  114.658
BBFactor: 138.759  34.9274  59.0958  114.658
BBFactor: 138.759  34.9273  59.0958  114.658
BBFactor: 138.758  34.9273  59.0962  114.658
BBFactor: 138.758  34.9275  59.096  114.658
BBFactor: 138.758  34.9271  59.096  114.658
BBFactor: 138.758  34.9273  59.0961  114.658
BBFactor: 138.758  34.9273  59.096  114.658
BBFactor: 138.758  34.9273  59.096  114.658
BBFactor: 138.758  34.9273  59.0961  114.658
BBFactor: 138.758  34.9273  59.096  114.658
BBFactor: 138.758  34.9274  59.096  114.658
BBFactor: 138.759  34.9272  59.0961  114.658
BBFactor: 138.759  34.9273  59.0961  114.658
BBFactor: 138.758  34.9273  59.096  114.658
BBFactor: 138.758  34.9274  59.0962  114.658
BBFactor: 138.759  34.9272  59.0959  114.658
BBFactor: 138.759  34.9273  59.0959  114.658
BBFactor: 138.758  34.9273  59.0962  114.658
BBFactor: 138.759  34.9274  59.096  114.658
BBFactor: 138.758  34.9272  59.0961  114.658
BBFactor: 138.758  34.9273  59.0961  114.658
BBFactor: 138.758  34.9273  59.096  114.658
BBFactor: 138.759  34.9273  59.0962  114.658
BBFactor: 138.758  34.9273  59.0959  114.658
BBFactor: 138.759  34.9274  59.0961  114.658
BBFactor: 138.758  34.9272  59.096  114.658
BBFactor: 138.758  34.9273  59.096  114.658
BBFactor: 11.9559  13.2869  32.88  13.6675
BBFactor: 11.9559  13.2869  32.88  13.6675
BBFactor: 11.9559  13.2864  32.8801  13.668
BBFactor: 11.9559  13.2875  32.88  13.6669
BBFactor: 11.9564  13.2869  32.8795  13.6674
BBFactor: 11.9554  13.2869  32.8806  13.6675
BBFactor: 11.9558  13.287  32.8802  13.6673
BBFactor: 11.956  13.2869  32.8799  13.6676
BBFactor: 11.956  13.2869  32.8799  13.6675
BBFactor: 11.9558  13.2869  32.8802  13.6675
BBFactor: 11.9559  13.2871  32.88  13.6673
BBFactor: 11.9559  13.2868  32.88  13.6676
BBFactor: 11.9559  13.2869  32.8801  13.6675
BBFactor: 11.9559  13.2869  32.88  13.6674
BBFactor: 11.9559  13.2869  32.88  13.6675
BBFactor: 11.9559  13.2869  32.8801  13.6675
BBFactor: 11.9559  13.2869  32.88  13.6674
BBFactor: 11.9559  13.287  32.88  13.6675
BBFactor: 11.9559  13.2869  32.8801  13.6674
BBFactor: 11.9559  13.2869  32.8801  13.6674
BBFactor: 11.9559  13.287  32.88  13.6675
BBFactor: 11.9558  13.287  32.8801  13.6673
BBFactor: 11.956  13.2868  32.8799  13.6676
BBFactor: 11.956  13.287  32.88  13.6674
BBFactor: 11.9558  13.2869  32.8801  13.6675
BBFactor: 11.956  13.287  32.88  13.6674
BBFactor: 11.9558  13.2868  32.8801  13.6675
BBFactor: 11.9559  13.2869  32.88  13.6675
BBFactor: 11.9559  13.2869  32.88  13.6674
BBFactor: 11.9559  13.287  32.8801  13.6675
BBFactor: 11.9559  13.2869  32.88  13.6674
BBFactor: 11.956  13.287  32.8801  13.6675
BBFactor: 11.9558  13.2869  32.88  13.6674
BBFactor: 11.9559  13.2869  32.88  13.6675
BBFactor: 1.66177  0.57983  2.81581  1.50196
BBFactor: 1.66177  0.57983  2.81581  1.50196
BBFactor: 1.66176  0.58036  2.81583  1.50141
BBFactor: 1.66177  0.5793  2.81579  1.5025
BBFactor: 1.66229  0.579823  2.81528  1.50198
BBFactor: 1.66124  0.579837  2.81635  1.50194
BBFactor: 1.6617  0.579781  2.81592  1.50204
BBFactor: 1.66184  0.579879  2.8157  1.50187
BBFactor: 1.6619  0.57983  2.81566  1.50196
BBFactor: 1.66163  0.57983  2.81597  1.50196
BBFactor: 1.66177  0.579693  2.81581  1.50211
BBFactor: 1.66177  0.579967  2.81581  1.50181
BBFactor: 1.66175  0.579848  2.81584  1.50193
BBFactor: 1.66178  0.579812  2.81579  1.50199
BBFactor: 1.66177  0.57983  2.81581  1.50196
BBFactor: 1.66178  0.579815  2.81583  1.50194
BBFactor: 1.66175  0.579845  2.8158  1.50198
BBFactor: 1.66176  0.579822  2.81581  1.50195
BBFactor: 1.66177  0.579838  2.81582  1.50197
BBFactor: 1.66179  0.579849  2.81584  1.50198
BBFactor: 1.66174  0.579811  2.81579  1.50193
BBFactor: 1.66166  0.579739  2.81593  1.50206
BBFactor: 1.66187  0.579921  2.8157  1.50186
BBFactor: 1.66182  0.579784  2.81575  1.50202
BBFactor: 1.66172  0.579876  2.81588  1.5019
BBFactor: 1.66184  0.579736  2.81573  1.50206
BBFactor: 1.66169  0.579924  2.8159  1.50186
BBFactor: 1.66177  0.579829  2.81581  1.50196
BBFactor: 1.66177  0.579831  2.81581  1.50196
BBFactor: 1.66181  0.579796  2.81587  1.50191
BBFactor: 1.66173  0.579864  2.81576  1.50201
BBFactor: 1.66181  0.579766  2.81586  1.5019
BBFactor: 1.66172  0.579894  2.81577  1.50202
BBFactor: 1.66177  0.57983  2.81581  1.50196
BBFactor: 0.0658559  0.0664468  0.0460197  0.140786
BBFactor: 0.0658559  0.0664468  0.0460197  0.140786
BBFactor: 0.0658491  0.0669771  0.0460379  0.140241
BBFactor: 0.0658626  0.0659166  0.0460016  0.141331
BBFactor: 0.0663817  0.0664401  0.045485  0.140804
BBFactor: 0.06533  0.0664536  0.0465545  0.140768
BBFactor: 0.0657865  0.066396  0.0461308  0.140871
BBFactor: 0.0659253  0.0664977  0.0459086  0.140701
BBFactor: 0.0659929  0.0664468  0.0458687  0.140786
BBFactor: 0.0657188  0.0664469  0.0461708  0.140786
BBFactor: 0.0658559  0.0663093  0.0460197  0.140937
BBFactor: 0.0658558  0.0665844  0.0460198  0.140635
BBFactor: 0.0658425  0.0664652  0.0460444  0.140754
BBFactor: 0.0658692  0.0664285  0.0459951  0.140818
BBFactor: 0.0658559  0.0664468  0.0460197  0.140786
BBFactor: 0.0658673  0.0664326  0.0460328  0.140769
BBFactor: 0.0658445  0.0664611  0.0460067  0.140802
BBFactor: 0.0658463  0.0664388  0.0460106  0.140778
BBFactor: 0.0658654  0.0664549  0.0460289  0.140794
BBFactor: 0.0658781  0.0664634  0.0460462  0.140806
BBFactor: 0.0658336  0.0664302  0.0459932  0.140766
BBFactor: 0.0657481  0.0663619  0.0461382  0.140879
BBFactor: 0.0659636  0.0665317  0.0459013  0.140693
BBFactor: 0.0658994  0.066396  0.0459625  0.140853
BBFactor: 0.0658124  0.0664977  0.046077  0.140719
BBFactor: 0.0659298  0.0663496  0.0459416  0.140888
BBFactor: 0.065782  0.0665441  0.0460979  0.140683
BBFactor: 0.0658573  0.0664461  0.0460212  0.140785
BBFactor: 0.0658544  0.0664476  0.0460183  0.140787
BBFactor: 0.0658889  0.0664102  0.0460669  0.140733
BBFactor: 0.0658228  0.0664835  0.0459726  0.140839
BBFactor: 0.0659039  0.0663794  0.046064  0.140723
BBFactor: 0.0658079  0.0665143  0.0459755  0.140848
BBFactor: 0.0658559  0.0664468  0.0460197  0.140786
BBFactor: 4.65873e-06  2.91914e-06  0.000207094  0.000149402
BBFactor: 4.65873e-06  2.91914e-06  0.000207094  0.000149402
BBFactor: 2.11506e-06  0.000527299  0.000188962  0.000395374
BBFactor: 1.14325e-05  0.000533137  0.000225225  0.000694179
BBFactor: 0.000530532  9.69451e-06  0.000741831  0.000167537
BBFactor: 0.000521215  3.8563e-06  0.000327644  0.000131268
BBFactor: 6.46625e-05  5.38569e-05  9.58498e-05  0.000234291
BBFactor: 7.398e-05  4.80186e-05  0.000318338  6.45144e-05
BBFactor: 0.000141771  2.93493e-06  0.000358088  0.000149419
BBFactor: 0.000132454  2.90335e-06  5.60994e-05  0.000149386
BBFactor: 4.67739e-06  0.000140481  0.000207115  0.000300015
BBFactor: 4.64007e-06  0.000134643  0.000207072  1.21037e-06
BBFactor: 8.72735e-06  1.53915e-05  0.000182496  0.000117213
BBFactor: 1.80448e-05  2.12297e-05  0.000231692  0.000181592
BBFactor: 4.65873e-06  2.91914e-06  0.000207094  0.000149402
BBFactor: 1.59543e-05  1.71077e-05  0.000194135  0.00013295
BBFactor: 6.63681e-06  1.12694e-05  0.000220053  0.000165855
BBFactor: 4.99523e-06  1.09581e-05  0.000216339  0.000141638
BBFactor: 1.43127e-05  5.11979e-06  0.000197849  0.000157167
BBFactor: 2.6882e-05  1.36118e-05  0.000180592  0.000169394
BBFactor: 1.75646e-05  1.94501e-05  0.000233595  0.000129411
BBFactor: 0.000103394  8.75086e-05  8.83769e-05  0.000242356
BBFactor: 0.000112711  8.16704e-05  0.000325811  5.64486e-05
BBFactor: 4.7889e-05  5.39708e-05  0.000263998  0.000216749
BBFactor: 3.85716e-05  4.81326e-05  0.00015019  8.20554e-05
BBFactor: 7.83586e-05  0.000100349  0.000284997  0.00025206
BBFactor: 6.90411e-05  9.45107e-05  0.000129191  4.67446e-05
BBFactor: 6.06926e-06  3.61469e-06  0.00020569  0.000148702
BBFactor: 3.24895e-06  2.22396e-06  0.000208497  0.000150103
BBFactor: 3.74223e-05  3.96829e-05  0.000160285  9.60302e-05
BBFactor: 2.81048e-05  3.38446e-05  0.000253903  0.000202775
BBFactor: 5.27302e-05  7.05155e-05  0.000162805  8.67983e-05
BBFactor: 4.34125e-05  6.46769e-05  0.000251382  0.000212006
BBFactor: 4.65873e-06  2.91914e-06  0.000207094  0.000149402
BBFactor: 0.000829931  0.000129413  0.000601313  7.82491e-05
BBFactor: 0.000265689  0.000175463  0.000125398  9.28014e-05
BBFactor: 0.000279731  0.000185469  0.000139961  0.000104419
BBFactor: 0.00028064  0.000184348  0.000140585  0.000102921
BBFactor: 0.000280533  0.000184306  0.000140536  0.00010292
BBFactor: 0.000280548  0.00018431  0.000140552  0.000102926
BBFactor: 0.000280549  0.000184308  0.000140553  0.000102924
BBFactor: 0.000280549  0.000184308  0.000140553  0.000102924
BBFactor: 0.000280549  0.000184308  0.000140553  0.000102924
BBFactor: 0.000280549  0.000184309  0.000140553  0.000102925
BBFactor: 0.000280548  0.000184315  0.000140549  0.00010293
BBFactor: 0.000280539  0.000184374  0.00014051  0.000102979
BBFactor: 0.000280477  0.00018495  0.000140161  0.000103435
BBFactor: 0.000280957  0.000189223  0.000138425  0.000106211
BBFactor: 0.000282195  0.000196854  0.000134519  0.000109173
BBFactor: 0.000264098  0.00018307  0.000111021  8.93528e-05
BBFactor: 0.000155848  9.87904e-05  1.78877e-05  1.82427e-05
###############################
BALL: 8142508126285856773
BBFactor: 11052.8  66.9279  84.8837  9668
BBFactor: 11052.8  66.9279  84.8837  9668
BBFactor: 11053  66.9285  84.8836  9668.18
BBFactor: 11052.6  66.9274  84.8839  9667.82
BBFactor: 11053  66.928  84.8832  9668.21
BBFactor: 11052.5  66.9279  84.8843  9667.8
BBFactor: 11052.8  66.9285  84.8842  9668.01
BBFactor: 11052.8  66.9273  84.8833  9667.99
BBFactor: 11052.8  66.9279  84.8834  9668
BBFactor: 11052.8  66.9279  84.8841  9668
BBFactor: 11052.8  66.9275  84.8837  9667.99
BBFactor: 11052.8  66.9284  84.8837  9668.01
BBFactor: 11053  66.928  84.8836  9668.15
BBFactor: 11052.6  66.9279  84.8839  9667.85
BBFactor: 11052.8  66.9279  84.8837  9668
BBFactor: 11052.8  66.9279  84.8837  9668
BBFactor: 11052.8  66.9279  84.8837  9668
BBFactor: 11052.8  66.9279  84.8837  9668
BBFactor: 11052.8  66.9279  84.8837  9668
BBFactor: 11052.8  66.9279  84.8837  9668
BBFactor: 11052.8  66.9279  84.8837  9668
BBFactor: 11052.6  66.9277  84.8839  9667.87
BBFactor: 11052.9  66.9282  84.8836  9668.14
BBFactor: 11052.8  66.9279  84.8834  9667.97
BBFactor: 11052.8  66.928  84.8841  9668.03
BBFactor: 11052.9  66.9276  84.8837  9668.06
BBFactor: 11052.7  66.9283  84.8838  9667.94
BBFactor: 11052.9  66.9278  84.8838  9668.12
BBFactor: 11052.7  66.9281  84.8837  9667.88
BBFactor: 11052.8  66.9279  84.8841  9668.01
BBFactor: 11052.8  66.9279  84.8834  9668
BBFactor: 11052.8  66.9276  84.8838  9668.03
BBFactor: 11052.8  66.9282  84.8837  9667.98
BBFactor: 11052.8  66.9279  84.8837  9668
BBFactor: 5461.46  6.93841  48.0417  4731.3
BBFactor: 5461.46  6.93841  48.0417  4731.3
BBFactor: 5461.51  6.93893  48.0416  4731.34
BBFactor: 5461.4  6.93789  48.0418  4731.25
BBFactor: 5461.52  6.93842  48.0411  4731.35
BBFactor: 5461.39  6.9384  48.0423  4731.25
BBFactor: 5461.45  6.9388  48.0419  4731.3
BBFactor: 5461.46  6.93802  48.0415  4731.29
BBFactor: 5461.46  6.93841  48.0414  4731.3
BBFactor: 5461.45  6.93841  48.0419  4731.3
BBFactor: 5461.46  6.93811  48.0417  4731.29
BBFactor: 5461.46  6.93871  48.0417  4731.3
BBFactor: 5461.49  6.93842  48.0416  4731.33
BBFactor: 5461.42  6.93841  48.0418  4731.27
BBFactor: 5461.46  6.93841  48.0417  4731.3
BBFactor: 5461.46  6.93842  48.0417  4731.3
BBFactor: 5461.46  6.9384  48.0417  4731.3
BBFactor: 5461.47  6.93853  48.0417  4731.31
BBFactor: 5461.44  6.93829  48.0417  4731.29
BBFactor: 5461.46  6.93839  48.0415  4731.3
BBFactor: 5461.45  6.93843  48.0418  4731.29
BBFactor: 5461.42  6.93826  48.0418  4731.27
BBFactor: 5461.49  6.93857  48.0416  4731.33
BBFactor: 5461.45  6.93838  48.0415  4731.29
BBFactor: 5461.46  6.93845  48.0419  4731.3
BBFactor: 5461.48  6.93816  48.0416  4731.31
BBFactor: 5461.44  6.93867  48.0417  4731.28
BBFactor: 5461.49  6.93831  48.0418  4731.32
BBFactor: 5461.43  6.93852  48.0416  4731.27
BBFactor: 5461.46  6.93841  48.0418  4731.3
BBFactor: 5461.46  6.93841  48.0416  4731.3
BBFactor: 5461.46  6.93822  48.0417  4731.3
BBFactor: 5461.45  6.9386  48.0417  4731.29
BBFactor: 5461.46  6.93841  48.0417  4731.3
BBFactor: 2755.19  0.138021  0.699801  2363.08
BBFactor: 2755.19  0.138021  0.699801  2363.08
BBFactor: 2755.2  0.138542  0.699724  2363.09
BBFactor: 2755.17  0.1375  0.699879  2363.06
BBFactor: 2755.2  0.138024  0.699173  2363.09
BBFactor: 2755.17  0.138017  0.70043  2363.06
BBFactor: 2755.18  0.138449  0.699972  2363.08
BBFactor: 2755.19  0.137592  0.699631  2363.07
BBFactor: 2755.19  0.138021  0.699562  2363.08
BBFactor: 2755.18  0.138021  0.700041  2363.08
BBFactor: 2755.19  0.137725  0.699801  2363.07
BBFactor: 2755.19  0.138316  0.699801  2363.08
BBFactor: 2755.2  0.138023  0.699693  2363.08
BBFactor: 2755.18  0.138018  0.69991  2363.07
BBFactor: 2755.19  0.138021  0.699801  2363.08
BBFactor: 2755.19  0.138029  0.699783  2363.08
BBFactor: 2755.19  0.138013  0.69982  2363.08
BBFactor: 2755.19  0.138127  0.699829  2363.08
BBFactor: 2755.18  0.137914  0.699773  2363.07
BBFactor: 2755.19  0.138001  0.699662  2363.08
BBFactor: 2755.19  0.13804  0.699941  2363.08
BBFactor: 2755.18  0.137852  0.699932  2363.07
BBFactor: 2755.19  0.138189  0.69967  2363.08
BBFactor: 2755.19  0.137989  0.699582  2363.07
BBFactor: 2755.19  0.138053  0.700021  2363.08
BBFactor: 2755.19  0.13778  0.69974  2363.08
BBFactor: 2755.18  0.138261  0.699863  2363.07
BBFactor: 2755.19  0.137902  0.699896  2363.08
BBFactor: 2755.18  0.138139  0.699706  2363.07
BBFactor: 2755.19  0.138018  0.699943  2363.08
BBFactor: 2755.19  0.138023  0.69966  2363.08
BBFactor: 2755.19  0.137851  0.699816  2363.08
BBFactor: 2755.18  0.13819  0.699787  2363.08
BBFactor: 2755.19  0.138021  0.699801  2363.08
BBFactor: 1344.61  0.819243  0.619986  1149.97
BBFactor: 1344.61  0.819243  0.619986  1149.97
BBFactor: 1344.62  0.818722  0.619914  1149.98
BBFactor: 1344.61  0.819764  0.620057  1149.97
BBFactor: 1344.62  0.81924  0.619358  1149.98
BBFactor: 1344.61  0.819245  0.620614  1149.97
BBFactor: 1344.61  0.81883  0.620143  1149.98
BBFactor: 1344.62  0.819655  0.619828  1149.97
BBFactor: 1344.61  0.819243  0.619759  1149.97
BBFactor: 1344.61  0.819243  0.620213  1149.97
BBFactor: 1344.61  0.819519  0.619986  1149.97
BBFactor: 1344.61  0.818966  0.619986  1149.97
BBFactor: 1344.62  0.819241  0.619883  1149.98
BBFactor: 1344.61  0.819244  0.620089  1149.97
BBFactor: 1344.61  0.819243  0.619986  1149.97
BBFactor: 1344.61  0.819234  0.619968  1149.97
BBFactor: 1344.61  0.819251  0.620004  1149.97
BBFactor: 1344.61  0.819161  0.620009  1149.97
BBFactor: 1344.61  0.819324  0.619962  1149.97
BBFactor: 1344.61  0.819263  0.619871  1149.97
BBFactor: 1344.61  0.819223  0.6201  1149.97
BBFactor: 1344.61  0.819407  0.620115  1149.97
BBFactor: 1344.62  0.819078  0.619857  1149.98
BBFactor: 1344.61  0.819279  0.619782  1149.97
BBFactor: 1344.61  0.819206  0.62019  1149.97
BBFactor: 1344.62  0.819462  0.619924  1149.97
BBFactor: 1344.61  0.819024  0.620048  1149.97
BBFactor: 1344.62  0.81936  0.620079  1149.98
BBFactor: 1344.61  0.819126  0.619892  1149.97
BBFactor: 1344.61  0.819246  0.620116  1149.97
BBFactor: 1344.61  0.819239  0.619855  1149.97
BBFactor: 1344.61  0.819395  0.620002  1149.97
BBFactor: 1344.61  0.81909  0.61997  1149.97
BBFactor: 1344.61  0.819243  0.619986  1149.97
BBFactor: 627.121  2.35315  1.83114  530.411
BBFactor: 627.121  2.35315  1.83114  530.411
BBFactor: 627.122  2.35263  1.83108  530.412
BBFactor: 627.12  2.35367  1.83121  530.41
BBFactor: 627.123  2.35315  1.83051  530.412
BBFactor: 627.119  2.35315  1.83177  530.41
BBFactor: 627.12  2.35276  1.83128  530.412
BBFactor: 627.121  2.35354  1.831  530.41
BBFactor: 627.121  2.35315  1.83093  530.411
BBFactor: 627.12  2.35315  1.83135  530.411
BBFactor: 627.121  2.3534  1.83114  530.411
BBFactor: 627.121  2.3529  1.83114  530.412
BBFactor: 627.122  2.35315  1.83105  530.412
BBFactor: 627.12  2.35315  1.83124  530.411
BBFactor: 627.121  2.35315  1.83114  530.411
BBFactor: 627.121  2.35314  1.83112  530.411
BBFactor: 627.121  2.35316  1.83116  530.411
BBFactor: 627.121  2.35311  1.83116  530.411
BBFactor: 627.121  2.35319  1.83113  530.411
BBFactor: 627.121  2.35316  1.83107  530.411
BBFactor: 627.121  2.35313  1.83121  530.411
BBFactor: 627.12  2.3533  1.83127  530.411
BBFactor: 627.122  2.35299  1.83102  530.412
BBFactor: 627.121  2.35319  1.83096  530.411
BBFactor: 627.121  2.3531  1.83132  530.411
BBFactor: 627.121  2.35333  1.83108  530.411
BBFactor: 627.12  2.35296  1.83121  530.411
BBFactor: 627.121  2.35326  1.83123  530.412
BBFactor: 627.12  2.35303  1.83106  530.411
BBFactor: 627.121  2.35315  1.83126  530.411
BBFactor: 627.121  2.35314  1.83102  530.411
BBFactor: 627.121  2.35328  1.83116  530.411
BBFactor: 627.121  2.35302  1.83112  530.411
BBFactor: 627.121  2.35315  1.83114  530.411
BBFactor: 259.24  4.53156  4.75141  206.355
BBFactor: 259.24  4.53156  4.75141  206.355
BBFactor: 259.24  4.53104  4.75136  206.355
BBFactor: 259.24  4.53208  4.75147  206.354
BBFactor: 259.241  4.53156  4.75079  206.355
BBFactor: 259.239  4.53156  4.75204  206.355
BBFactor: 259.24  4.5312  4.75153  206.355
BBFactor: 259.24  4.53192  4.7513  206.354
BBFactor: 259.24  4.53156  4.75123  206.355
BBFactor: 259.239  4.53156  4.7516  206.355
BBFactor: 259.24  4.53178  4.75141  206.355
BBFactor: 259.24  4.53134  4.75141  206.355
BBFactor: 259.24  4.53156  4.75133  206.355
BBFactor: 259.239  4.53156  4.7515  206.355
BBFactor: 259.24  4.53156  4.75141  206.355
BBFactor: 259.24  4.53155  4.7514  206.355
BBFactor: 259.24  4.53157  4.75143  206.355
BBFactor: 259.24  4.53157  4.75141  206.355
BBFactor: 259.24  4.53155  4.75142  206.355
BBFactor: 259.24  4.53157  4.7514  206.355
BBFactor: 259.24  4.53156  4.75143  206.355
BBFactor: 259.239  4.53171  4.75152  206.355
BBFactor: 259.24  4.53141  4.7513  206.355
BBFactor: 259.24  4.53161  4.75125  206.355
BBFactor: 259.24  4.53152  4.75157  206.355
BBFactor: 259.24  4.53171  4.75135  206.355
BBFactor: 259.24  4.53141  4.75148  206.355
BBFactor: 259.24  4.53166  4.75148  206.355
BBFactor: 259.24  4.53146  4.75135  206.355
BBFactor: 259.24  4.53157  4.75153  206.355
BBFactor: 259.24  4.53155  4.7513  206.355
BBFactor: 259.24  4.53167  4.75144  206.355
BBFactor: 259.24  4.53145  4.75139  206.355
BBFactor: 259.24  4.53156  4.75141  206.355
BBFactor: 67.4404  5.37833  3.57125  49.2645
BBFactor: 67.4404  5.37833  3.57125  49.2645
BBFactor: 67.4404  5.37781  3.57122  49.2651
BBFactor: 67.4403  5.37885  3.57128  49.264
BBFactor: 67.4411  5.37833  3.57063  49.2646
BBFactor: 67.4396  5.37833  3.57188  49.2645
BBFactor: 67.4403  5.37802  3.57132  49.2648
BBFactor: 67.4404  5.37864  3.57118  49.2643
BBFactor: 67.4406  5.37833  3.57109  49.2645
BBFactor: 67.4402  5.37833  3.57141  49.2645
BBFactor: 67.4404  5.37852  3.57125  49.2644
BBFactor: 67.4404  5.37814  3.57125  49.2647
BBFactor: 67.4405  5.37833  3.57118  49.2646
BBFactor: 67.4402  5.37833  3.57132  49.2645
BBFactor: 67.4404  5.37833  3.57125  49.2645
BBFactor: 67.4403  5.37832  3.57122  49.2645
BBFactor: 67.4404  5.37835  3.57128  49.2646
BBFactor: 67.4403  5.37837  3.57123  49.2646
BBFactor: 67.4404  5.37829  3.57127  49.2645
BBFactor: 67.4404  5.37833  3.57125  49.2645
BBFactor: 67.4404  5.37833  3.57126  49.2645
BBFactor: 67.4402  5.37847  3.57135  49.2644
BBFactor: 67.4405  5.37819  3.57116  49.2647
BBFactor: 67.4405  5.37838  3.57111  49.2645
BBFactor: 67.4402  5.37828  3.57139  49.2646
BBFactor: 67.4405  5.37845  3.5712  49.2645
BBFactor: 67.4403  5.37821  3.57131  49.2646
BBFactor: 67.4404  5.37841  3.5713  49.2647
BBFactor: 67.4403  5.37825  3.5712  49.2644
BBFactor: 67.4405  5.37834  3.57134  49.2646
BBFactor: 67.4403  5.37832  3.57116  49.2645
BBFactor: 67.4404  5.37843  3.57128  49.2646
BBFactor: 67.4403  5.37823  3.57122  49.2645
BBFactor: 67.4404  5.37833  3.57125  49.2645
BBFactor: 5.86508  1.36287  1.14667  4.18816
BBFactor: 5.86508  1.36287  1.14667  4.18816
BBFactor: 5.86509  1.36235  1.14664  4.1887
BBFactor: 5.86507  1.36339  1.1467  4.18763
BBFactor: 5.86576  1.36287  1.14604  4.1882
BBFactor: 5.8644  1.36287  1.1473  4.18813
BBFactor: 5.86506  1.3626  1.14673  4.18841
BBFactor: 5.8651  1.36315  1.14661  4.18791
BBFactor: 5.86526  1.36287  1.14651  4.18816
BBFactor: 5.86489  1.36287  1.14683  4.18816
BBFactor: 5.86508  1.36306  1.14667  4.188
BBFactor: 5.86508  1.36269  1.14667  4.18832
BBFactor: 5.86518  1.36287  1.1466  4.18819
BBFactor: 5.86498  1.36287  1.14674  4.18814
BBFactor: 5.86508  1.36287  1.14667  4.18816
BBFactor: 5.86504  1.36285  1.14664  4.18815
BBFactor: 5.86512  1.36289  1.1467  4.18818
BBFactor: 5.86505  1.36291  1.14665  4.1882
BBFactor: 5.86511  1.36283  1.14669  4.18813
BBFactor: 5.86508  1.36287  1.14667  4.18816
BBFactor: 5.86508  1.36287  1.14667  4.18816
BBFactor: 5.86496  1.36301  1.14677  4.18803
BBFactor: 5.8652  1.36274  1.14657  4.18829
BBFactor: 5.86524  1.36293  1.14653  4.18811
BBFactor: 5.86492  1.36281  1.14681  4.18822
BBFactor: 5.86515  1.36298  1.14662  4.18809
BBFactor: 5.86501  1.36276  1.14672  4.18824
BBFactor: 5.86513  1.36292  1.14672  4.18823
BBFactor: 5.86502  1.36282  1.14663  4.1881
BBFactor: 5.86515  1.36288  1.14674  4.18817
BBFactor: 5.86501  1.36287  1.1466  4.18816
BBFactor: 5.86513  1.36297  1.1467  4.18823
BBFactor: 5.86502  1.36277  1.14664  4.1881
BBFactor: 5.86508  1.36287  1.14667  4.18816
BBFactor: 0.111172  0.0246458  0.0330296  0.0956347
BBFactor: 0.111172  0.0246458  0.0330296  0.0956347
BBFactor: 0.111181  0.0241248  0.0330032  0.0961655
BBFactor: 0.111162  0.0251668  0.033056  0.0951039
BBFactor: 0.111848  0.0246435  0.0324008  0.0956685
BBFactor: 0.110496  0.0246481  0.0336584  0.0956009
BBFactor: 0.111154  0.0243709  0.0330877  0.0958812
BBFactor: 0.111189  0.0249207  0.0329716  0.0953882
BBFactor: 0.111355  0.0246458  0.0328711  0.0956347
BBFactor: 0.110989  0.0246458  0.0331882  0.0956347
BBFactor: 0.111172  0.0248292  0.0330296  0.0954763
BBFactor: 0.111172  0.0244624  0.0330296  0.0957931
BBFactor: 0.111272  0.0246443  0.0329574  0.0956564
BBFactor: 0.111072  0.0246473  0.0331018  0.095613
BBFactor: 0.111172  0.0246458  0.0330296  0.0956347
BBFactor: 0.111133  0.0246277  0.0329981  0.0956189
BBFactor: 0.111211  0.0246639  0.0330612  0.0956505
BBFactor: 0.111142  0.0246851  0.0330077  0.0956706
BBFactor: 0.111202  0.0246065  0.0330515  0.0955989
BBFactor: 0.11117  0.0246463  0.0330279  0.0956354
BBFactor: 0.111174  0.0246453  0.0330313  0.0956341
BBFactor: 0.111049  0.0247807  0.0331274  0.0955063
BBFactor: 0.111294  0.0245109  0.0329318  0.0957632
BBFactor: 0.111328  0.0247064  0.0328923  0.0955794
BBFactor: 0.111016  0.0245852  0.033167  0.0956901
BBFactor: 0.111236  0.0247543  0.0329858  0.0955573
BBFactor: 0.111108  0.0245373  0.0330734  0.0957122
BBFactor: 0.111223  0.0246895  0.0330734  0.0956879
BBFactor: 0.11112  0.0246021  0.0329858  0.0955815
BBFactor: 0.111242  0.0246532  0.0331022  0.095643
BBFactor: 0.111101  0.0246384  0.032957  0.0956264
BBFactor: 0.111222  0.0247476  0.0330612  0.0957042
BBFactor: 0.111122  0.024544  0.032998  0.0955652
BBFactor: 0.111172  0.0246458  0.0330296  0.0956347
BBFactor: 4.10141e-05  1.8987e-05  1.85851e-05  2.33859e-05
BBFactor: 4.10141e-05  1.8987e-05  1.85851e-05  2.33859e-05
BBFactor: 5.05997e-05  0.000502049  7.81984e-06  0.000554144
BBFactor: 3.14288e-05  0.000540022  4.49898e-05  0.000507372
BBFactor: 0.000716863  1.67187e-05  0.000610237  5.71149e-05
BBFactor: 0.000634834  2.12553e-05  0.000647406  1.03429e-05
BBFactor: 2.34389e-05  0.000255851  7.65957e-05  0.000269848
BBFactor: 5.8589e-05  0.000293825  3.94252e-05  0.000223076
BBFactor: 0.000224147  1.90133e-05  0.000139961  2.33637e-05
BBFactor: 0.000142119  1.89606e-05  0.000177131  2.34082e-05
BBFactor: 4.10389e-05  0.000202393  1.85634e-05  0.000134995
BBFactor: 4.09893e-05  0.00016442  1.86068e-05  0.000181767
BBFactor: 0.000140921  1.74703e-05  5.36001e-05  4.5065e-05
BBFactor: 5.88928e-05  2.05036e-05  9.07702e-05  1.70685e-06
BBFactor: 4.10141e-05  1.8987e-05  1.85851e-05  2.33859e-05
BBFactor: 1.84793e-06  8.75142e-07  1.29714e-05  7.56186e-06
BBFactor: 8.01803e-05  3.70988e-05  5.01416e-05  3.921e-05
BBFactor: 1.10058e-05  5.82827e-05  3.34382e-06  5.92055e-05
BBFactor: 7.10224e-05  2.03087e-05  4.0514e-05  1.24336e-05
BBFactor: 3.92083e-05  1.95266e-05  1.68963e-05  2.40147e-05
BBFactor: 4.28199e-05  1.84473e-05  2.02739e-05  2.27572e-05
BBFactor: 8.16257e-05  0.000153846  0.000116371  0.000105014
BBFactor: 0.000163654  0.000115872  7.92003e-05  0.000151786
BBFactor: 0.000197245  7.96553e-05  0.000118759  3.19781e-05
BBFactor: 0.000115217  4.16814e-05  0.00015593  7.875e-05
BBFactor: 0.000104759  0.000127453  2.52026e-05  5.40534e-05
BBFactor: 2.27304e-05  8.94794e-05  6.23728e-05  0.000100825
BBFactor: 9.25823e-05  6.26264e-05  6.23263e-05  7.64346e-05
BBFactor: 1.05536e-05  2.46521e-05  2.51557e-05  2.96622e-05
BBFactor: 0.000111303  2.64049e-05  9.10623e-05  3.16699e-05
BBFactor: 2.92745e-05  1.15691e-05  5.38914e-05  1.51021e-05
BBFactor: 9.12382e-05  0.000120757  5.02045e-05  9.29487e-05
BBFactor: 9.2099e-06  8.2783e-05  1.30343e-05  4.61768e-05
BBFactor: 4.10141e-05  1.8987e-05  1.85851e-05  2.33859e-05
BBFactor: 1.80602e-05  4.14784e-05  1.74513e-05  1.80521e-05
###############################
BALL: 8142508126285856774
BBFactor: 11545.8  29.9279  438.116  9639
BBFactor: 11545.8  29.9279  438.116  9639
BBFactor: 11546  29.9285  438.116  9639.18
BBFactor: 11545.6  29.9274  438.116  9638.82
BBFactor: 11546  29.928  438.117  9639.21
BBFactor: 11545.5  29.9279  438.116  9638.8
BBFactor: 11545.8  29.9285  438.116  9639.01
BBFactor: 11545.8  29.9273  438.117  9638.99
BBFactor: 11545.8  29.9279  438.117  9639
BBFactor: 11545.8  29.9279  438.116  9639
BBFactor: 11545.8  29.9275  438.116  9638.99
BBFactor: 11545.8  29.9284  438.116  9639.01
BBFactor: 11546  29.928  438.116  9639.15
BBFactor: 11545.6  29.9279  438.116  9638.85
BBFactor: 11545.8  29.9279  438.116  9639
BBFactor: 11545.8  29.9279  438.116  9639
BBFactor: 11545.8  29.9279  438.116  9639
BBFactor: 11545.8  29.9279  438.116  9639
BBFactor: 11545.8  29.9279  438.116  9639
BBFactor: 11545.8  29.9279  438.116  9639
BBFactor: 11545.8  29.9279  438.116  9639
BBFactor: 11545.6  29.9277  438.116  9638.87
BBFactor: 11545.9  29.9282  438.116  9639.14
BBFactor: 11545.8  29.9279  438.117  9638.97
BBFactor: 11545.8  29.928  438.116  9639.03
BBFactor: 11545.9  29.9276  438.116  9639.06
BBFactor: 11545.7  29.9283  438.116  9638.94
BBFactor: 11545.9  29.9278  438.116  9639.12
BBFactor: 11545.7  29.9281  438.116  9638.88
BBFactor: 11545.8  29.9279  438.116  9639.01
BBFactor: 11545.8  29.9279  438.117  9639
BBFactor: 11545.8  29.9276  438.116  9639.03
BBFactor: 11545.8  29.9282  438.116  9638.98
BBFactor: 11545.8  29.9279  438.116  9639
###############################
BALL: 8142508126285856772
BBFactor: 11507.8  100.928  421.116  9710
BBFactor: 11507.8  100.928  421.116  9710
BBFactor: 11508  100.928  421.116  9710.18
BBFactor: 11507.6  100.927  421.116  9709.82
BBFactor: 11508  100.928  421.117  9710.21
BBFactor: 11507.5  100.928  421.116  9709.8
BBFactor: 11507.8  100.929  421.116  9710.01
BBFactor: 11507.8  100.927  421.117  9709.99
BBFactor: 11507.8  100.928  421.117  9710
BBFactor: 11507.8  100.928  421.116  9710
BBFactor: 11507.8  100.928  421.116  9709.99
BBFactor: 11507.8  100.928  421.116  9710.01
BBFactor: 11508  100.928  421.116  9710.15
BBFactor: 11507.6  100.928  421.116  9709.85
BBFactor: 11507.8  100.928  421.116  9710
BBFactor: 11507.8  100.928  421.116  9710
BBFactor: 11507.8  100.928  421.116  9710
BBFactor: 11507.8  100.928  421.116  9710
BBFactor: 11507.8  100.928  421.116  9710
BBFactor: 11507.8  100.928  421.116  9710
BBFactor: 11507.8  100.928  421.116  9710
BBFactor: 11507.6  100.928  421.116  9709.87
BBFactor: 11507.9  100.928  421.116  9710.14
BBFactor: 11507.8  100.928  421.117  9709.97
BBFactor: 11507.8  100.928  421.116  9710.03
BBFactor: 11507.9  100.928  421.116  9710.06
BBFactor: 11507.7  100.928  421.116  9709.94
BBFactor: 11507.9  100.928  421.116  9710.12
BBFactor: 11507.7  100.928  421.116  9709.88
BBFactor: 11507.8  100.928  421.116  9710.01
BBFactor: 11507.8  100.928  421.117  9710
BBFactor: 11507.8  100.928  421.116  9710.03
BBFactor: 11507.8  100.928  421.116  9709.98
BBFactor: 11507.8  100.928  421.116  9710

